name,id,postcode,lat,lon
massasauga and Stilt,505959,PR7 2WB,53.645103580753600,-2.653081799296320
ringhals and Quetzal,506102,PR7 3HR,53.645153000000000,-2.632404000000000
wall lizard and snake,53684,WN2 4XE,53.534486698043500,-2.554439881105720
soft-shelled turtle and Partridge,948449,L31 4JF,53.533765131670400,-2.942450595526620
rock snake and habu,48448,WN8 7HH,53.593544636447300,-2.768306126229320
rat snake and cycling lizard,50685,WN6 7LG,53.549849000000000,-2.647433000000000
Wallaby and Triller,506538,PR6 9EU,53.621793516525900,-2.589661489600640
Herring gull and chameleon,52839,WN3 4UA,53.526665935750800,-2.613470164109010
adder and Wader,51847,WN5 0RL,53.548174625587500,-2.667314425757740
pit viper and Solitaire,53894,WN2 4HD,53.527038641190100,-2.547856045291220
krait and jew lizard,505802,PR7 4DQ,53.614746657374100,-2.611149195080610
diamondback and Skunk,1564243,BL6 5LB,53.602530980000000,-2.594773000000000
Condor and thorny devil,1565023,BL5 3NR,53.564070960000000,-2.551293000000000
lizard and bearded dragon,51251,WN5 9EZ,53.534234565159500,-2.663881491143220
New World blackbird and Booted eagles,50280,WN6 9EQ,53.592778992259800,-2.729810877137130
boa constrictor and puff adder,49112,WN8 6EG,53.545678094732300,-2.768706400179040
Grosbeak and Wallaby,508436,PR4 6PE,53.698713368529900,-2.839970323261250
boa constrictor and water snake,53619,WN2 4TX,53.521604332506100,-2.541119216198770
bicycle lizard and Pheasant,48713,WN8 8HF,53.550995007935100,-2.804876618336060
Nukupuʻu and Quetzal,511778,PR25 3AY,53.685193438497100,-2.686483506171950
Zebra and Jerboa,2630423,PR6 9FU,53.612680000000000,-2.596576000000000
Chickadee and frill-necked lizard,1787359,L39 4AX,53.559266476930800,-2.875746774970840
Marmoset and mountain devil,54442,WN1 3XG,53.555897739389500,-2.620444000000000
slowworm and massasauga,506569,PR6 9HY,53.633112432790500,-2.607119822002560
horned viper and Gila monster,54998,WN1 2TP,53.585814112362200,-2.640142733156030
sand viper and elapid,507111,PR6 7AU,53.667616497486100,-2.631847261548640
puff adder and diamond python,948906,L31 1AU,53.521428000000000,-2.902432000000000
hoop snake and Asiatic leopard,505415,PR7 5UZ,53.650218049363700,-2.727580000000000
python and crocodile,505497,PR7 6DG,53.663675253838500,-2.660951021846730
Mamo and River dolphin,48913,WN8 7AG,53.598335664436500,-2.764071482865310
Komodo dragon and snake,948640,L31 2HY,53.522465022860800,-2.947162217087160
Tahr and snake,506875,PR6 7PZ,53.696759604434800,-2.639735444801250
Gull and cobra,51254,WN5 9HD,53.533783290262100,-2.669049412328570
Songlark and swift,2654035,L39 8YX,53.571179000000000,-2.879404000000000
Mink and River dolphin,51227,WN5 9DP,53.538524486892400,-2.655302578494420
White ibis and Marmoset,52568,WN3 6RL,53.525441000000000,-2.659811052679710
sidewinder and sand viper,54816,WN1 3SZ,53.548644586794600,-2.625273613504540
hoop snake and Vole,1804608,PR7 7FP,53.681207318500000,-2.651188080900000
Polecat and Duck,52625,WN3 5RR,53.516754913717500,-2.645269189325380
mountain devil and Grackle,942351,L40 9QZ,53.617090348369400,-2.900374967154810
Jay and Hawaiian honeycreeper,503270,PR9 8GY,53.677587277293800,-2.917576128813290
anole and B,1563858,BL6 7BQ,53.600831120000000,-2.544473965000000
gavial and Guillemot,48683,WN8 6PN,53.551935346478000,-2.771597000000000
Tahr and viper,506412,PR7 1NY,53.656189607926100,-2.655749832184080
asp and Warbler,511755,PR25 2ZG,53.700390662491100,-2.711329000000000
mud turtle and Black cockatoo,507842,PR5 5LW,53.720529650235300,-2.695272628200220
Mouse and elapid,507736,PR5 5JG,53.722875426397000,-2.693750366720110
horned viper and Logrunners,2657159,PR4 6FP,53.697350000000000,-2.836776000000000
Dorcopsis and Myna,944136,L39 0EQ,53.539725313506700,-2.844967316957700
Fulmarine petrel and Francolin,53489,WN2 5TA,53.516071266332600,-2.583893000000000
tortoise and Magpie,53564,WN2 4RB,53.527389862490700,-2.553562727194830
Hawaiian honeycreeper and ringhals,507533,PR5 6DL,53.723193357446900,-2.663005816400560
Warbler and kabaragoya,511549,PR25 4GS,53.708994444892300,-2.681765470501250
Dolphin and Philippine hawk-owl,944141,L39 0EW,53.517780232069000,-2.868073356707080
ringhals and tiger snake,507551,PR5 8HX,53.716445473823300,-2.632670038407590
copperhead and mountain devil,54986,WN1 2SU,53.577039729397900,-2.638771695798060
Grackle and milk snake,942266,L40 8HD,53.587730335131500,-2.918543540644780
Hawaiian honeycreeper and Parakeet,53530,WN2 4PH,53.528970394838300,-2.561578721415600
slowworm and sand lizard,50355,WN6 8AY,53.574030656574900,-2.688607355255280
goanna and Tit-tyrant,52701,WN4 0EJ,53.507280713564400,-2.648397000000000
rattlesnake and Chipmunk,51538,WN5 7EW,53.516557282562500,-2.713252705098580
Skunk and indigo snake,51521,WN5 8SA,53.539190490279700,-2.705681112028840
Duck and Rat,52946,WN3 5BY,53.537323233985200,-2.634718188430860
boa constrictor and brown snake,50608,WN6 8PL,53.560276000000000,-2.660455000000000
smooth snake and king cobra,505671,PR7 3PW,53.637261522749700,-2.632104221111190
agamid and Pratincole,506916,PR6 8TL,53.671663408573400,-2.615908455509250
B and grass snake,53429,WN2 4JX,53.535036591171800,-2.556031283523150
Prion and Logrunners,947263,L33 4YE,53.500522761377700,-2.880248673206270
frilled lizard and Quetzal,505689,PR7 5HZ,53.608710000000000,-2.674314000000000
blue racer and moloch,506675,PR6 8JD,53.698448670468000,-2.583568691744840
bicycle lizard and Kestrel,55162,WN1 1XH,53.550012000000000,-2.630261423371290
cobra de capello and mud turtle,95387,WA11 8GJ,53.502040040307900,-2.790500689435470
king cobra and viper,1564178,BL6 5HA,53.595283710000000,-2.592102457000000
Viscacha and thorny devil,1564013,BL6 7JX,53.603396680000000,-2.553423124000000
flying lizard and monitor,51843,WN5 0RF,53.547015375166900,-2.672080385898370
Schneider python and mamba,48515,WN8 9HN,53.537281241488000,-2.760617000000000
bandy-bandy and galliwasp,51158,WN5 9AJ,53.539740724310300,-2.651503719520660
coral snake and Pratincole,53606,WN2 4TF,53.523415683223700,-2.538095418861510
Duck and Argus,1564419,BL6 5SQ,53.595510110000000,-2.552292572000000
Mouse and tuatara,943630,L39 6SU,53.536783356567900,-2.928922660789840
adder and copperhead,50933,WN5 9RD,53.541332689977500,-2.667614209546060
cycling lizard and elapid,507355,PR6 0PW,53.651307521914700,-2.618879554714330
Treepie and Snipe,54268,WN2 1HT,53.555606522494700,-2.603337404989210
Polecat and Lemming,503232,PR9 8DZ,53.696491542293000,-2.887559445799450
Siskin and alligator,50554,WN6 7BU,53.554577628229600,-2.647112700698120
lizard and sand viper,506100,PR7 3HN,53.643872689046800,-2.634608251948310
diamondback and dukite,948346,L31 8EA,53.518268046029300,-2.948199743622670
Gila monster and iguana,505288,PR7 7BP,53.680515156606400,-2.661714364921790
Armadillo and Wallaby,51858,WN5 0UD,53.542666972764600,-2.657162357729800
glass snake and Peafowl,1780285,WN8 9DA,53.518351343732800,-2.758274000000000
Fulmarine petrel and Boto,1804573,PR7 4QN,53.620761000000000,-2.657015000000000
Moluccan boobook and Petrel,507744,PR5 5JS,53.722119175540300,-2.698602597439170
Polecat and frill-necked lizard,51006,WN6 0XQ,53.593959575845300,-2.649498000000000
Marmoset and Crow,48898,WN8 0NP,53.541424172317800,-2.724942000000000
Kākāriki and Partridge,1804584,PR7 5FW,53.624221000000000,-2.666775000000000
Logrunners and Rat,505909,PR7 4JJ,53.612298486036300,-2.610040637169630
alligator and cobra,51765,WN5 0JP,53.550295331128800,-2.684901302750040
Bunting and Grosbeak,53414,WN2 5QN,53.514822079572500,-2.595096696341810
boomslang and worm lizard,51440,WN5 8JY,53.532937627705100,-2.681905390741140
lizard and Marmoset,48859,WN8 0HR,53.541556498801700,-2.735176599487530
Kākāriki and Booted eagles,942689,L40 1TT,53.631414179363300,-2.826156663354500
blindworm and diamondback terrapin,1779769,WN2 1RB,53.561726404142700,-2.560322097025550
harlequin snake and Logrunners,507420,PR6 0TJ,53.655312960737700,-2.619528341426610
Gull and bull snake,51329,WN5 8BD,53.535281850553500,-2.678789000000000
Greenbul and Pheasant,52832,WN3 4TR,53.528796520325000,-2.613410452565090
anaconda and sea snake,948853,L31 0AS,53.518509823340000,-2.941614000000000
Chicken and anaconda,505807,PR7 4DW,53.608467333424100,-2.615713592962140
Mole and harlequin snake,51242,WN5 9EN,53.535783054638500,-2.663437991274890
American sparrow and Grackle,2664111,PR6 7YL,53.676355000000000,-2.629719000000000
cycling lizard and Philippine hawk-owl,505670,PR7 3PU,53.634472000000000,-2.631185000000000
skink and bandy-bandy,53822,WN2 4GE,53.524801799712600,-2.537675554937960
Greenbul and Wader,50328,WN6 7TE,53.555968665687900,-2.660659317861090
rat snake and Fish eagle,511689,PR25 2TJ,53.694003439762900,-2.697122141878480
brown snake and Linsang,54851,WN1 2HF,53.558706906564700,-2.638087791175670
Duck and Tree warbler,53379,WN2 5NH,53.521295314971600,-2.594795295256700
Hawaiian honeycreeper and tiger snake,51278,WN5 9JH,53.533532316655700,-2.662467381757670
chuckwalla and taipan,511735,PR25 2XA,53.696021860447400,-2.705470329951850
racer and grass snake,53475,WN2 5RF,53.510526918312300,-2.593015899654660
Moluccan boobook and Eagle,54781,WN1 3QJ,53.546031583112600,-2.624767241309980
death adder and Wallaby,507211,PR6 7JR,53.702224105149200,-2.641484583414600
Thrasher and galliwasp,942347,L40 9QS,53.620176522281200,-2.918885192029010
horned viper and Magpie,49214,WN8 0AJ,53.540667738223700,-2.729125226281620
Greenbul and Thicketbird,48585,WN8 8BD,53.547760486888700,-2.803336159467940
Egret and Mink,505611,PR7 5EP,53.634105338266200,-2.665494348506960
Condor and diamond snake,1563940,BL6 5TR,53.589480770000000,-2.578062000000000
Kestrel and massasauga,51317,WN5 9NU,53.538004193493500,-2.668105025034410
king cobra and Pitohui,1804335,PR26 7AG,53.690858141400000,-2.734020802800000
Guillemot and Old World warbler,506296,PR7 2JW,53.641916034710500,-2.642504867394550
blue racer and Ground sloth,48998,WN8 6BS,53.545162540762600,-2.763596109709500
fer-de-lance and fer-de-lance,54027,WN2 1YT,53.571170212369500,-2.580606023680560
agama and Old World quail,53670,WN2 3TX,53.524809503447100,-2.594859630654420
ringhals and Maya,48728,WN8 6QH,53.556580664187700,-2.767394519300210
Vole and Armadillo,505918,PR7 4JX,53.610912559578100,-2.613890053268250
Fox and Jackal,51450,WN5 8LZ,53.539208667765900,-2.701064065382000
mud turtle and Pitohui,503926,PR8 5LS,53.625423978098200,-2.939956040800490
Quetzal and thorny devil,1563596,BL6 7RP,53.608535180000000,-2.546220527000000
Condor and Black jay,508822,PR4 6HJ,53.675448308000100,-2.819661152672010
blue tongue and Night heron,506589,PR6 9LH,53.620474181599200,-2.601903994851430
Solitaire and Tahr,508710,PR4 6AW,53.687381238359700,-2.830628946432470
Viscacha and crocodile,944265,L39 1PU,53.578913930252100,-2.884973111546370
Flameback and water snake,52846,WN3 4UP,53.525364069302500,-2.606135424376960
Recurvebill and garter snake,948776,L31 3HE,53.507205784062600,-2.931834084529700
sand viper and Zebra,506265,PR6 9SQ,53.619893105470800,-2.603059814526490
Bunting and Stint,51157,WN5 9AD,53.540092851533300,-2.649562564208010
mamba and Zebra,50783,WN6 7PZ,53.559446370851200,-2.647233000000000
milk snake and Stilt,507138,PR6 7DB,53.677057000000000,-2.633215000000000
Stilt and Jackal,2633365,WN8 6HJ,53.550835000000000,-2.766294000000000
snapping turtle and Booted eagles,48414,WN8 9DN,53.536470000000000,-2.753964000000000
Egret and python,943024,L40 0RQ,53.609028044912600,-2.843584717204560
swift and Jay,511399,PR26 6PZ,53.708451198988000,-2.710283873508900
Grosbeak and Moluccan boobook,1564622,BL6 5BU,53.593008080000000,-2.579575952000000
Solitaire and bull snake,48146,WN8 9RN,53.526033508119800,-2.759571213476810
Siskin and Flameback,505980,PR7 3AQ,53.647132349512100,-2.626669726347170
asp and New World blackbird,508500,PR4 6UH,53.681124847397300,-2.831989536163360
Cuscus and Black jay,51309,WN5 9ND,53.541379380654100,-2.673711352000140
Logrunners and Siskin,51144,WN5 8UH,53.532383894985500,-2.723959000000000
Komodo dragon and Civet,507107,PR6 7AN,53.663166683031600,-2.626832001663140
Scimitar babbler and Fish eagle,944223,L39 4RS,53.564271601039600,-2.888592945851510
Chickadee and Armadillo,2664107,PR4 6QZ,53.697822000000000,-2.838694000000000
River dolphin and Night heron,53288,WN3 4QS,53.536895799239800,-2.615036410693470
Ice seal and harlequin snake,943916,L39 5DN,53.549138452736400,-2.907247854271180
king cobra and taipan,54320,WN2 2RN,53.540384000000000,-2.575401000000000
Marmoset and Perching duck,1787345,L39 3BQ,53.571941448999700,-2.897437373960510
frill-necked lizard and king cobra,52922,WN3 6LA,53.518776210073600,-2.674770288499710
gecko and diamond python,53506,WN2 5TY,53.513199299724800,-2.570282381377360
Civet and turtle,51197,WN6 0EU,53.581676431137500,-2.649037125897720
dugite and tiger snake,505915,PR7 4JT,53.612307207118400,-2.613607984570340
rattlesnake and Shearwater,506668,PR6 8HU,53.696566814430400,-2.593387224610700
pit viper and Buzzard,51780,WN5 0LG,53.555778628310500,-2.673774117987340
Nukupuʻu and water snake,51085,WN6 0BG,53.583699572722900,-2.658765653227980
Minke whale and asp,1804545,PR7 3DN,53.644246563500000,-2.626052438700000
horned viper and Linsang,51487,WN5 8PY,53.540081887537200,-2.700837062657850
dukite and cayman,944101,L39 3NY,53.567362945505700,-2.895920673518990
carpet snake and Recurvebill,1787348,L39 4AF,53.565262485338600,-2.874436282063580
Grouse and diamondback turtle,1563602,BL6 7RX,53.612737330000000,-2.552925000000000
copperhead and Peafowl,511223,PR26 9HG,53.662036843646300,-2.766873104378490
Diving bird and Perching duck,52629,WN3 5SA,53.516974039202900,-2.644639100285600
Fox and blindworm,506001,PR7 3DL,53.648796521619500,-2.629841119949320
boa constrictor and Herring gull,53914,WN2 4JD,53.535501000000000,-2.560699000000000
king snake and Quetzal,53603,WN2 4TB,53.522625000000000,-2.542236745714980
puff adder and American sparrow,55086,WN1 1LL,53.545160000000000,-2.631604163544390
Darwin's finches and Chicken,50543,WN6 7BB,53.553824694350900,-2.648384242627740
bearded lizard and blue racer,503143,PR9 8AQ,53.651470640801700,-2.928719166195570
Old World vulture and cayman,53258,WN2 5EN,53.519701482683600,-2.606099808256560
Boto and Siskin,51741,WN5 0HG,53.547562419335600,-2.673900134236240
wall lizard and White ibis,507517,PR5 8EY,53.711331339443100,-2.634335620675210
Chipmunk and diamondback terrapin,511066,PR26 7TG,53.689562276191600,-2.733392183717180
Herring gull and cobra,53324,WN3 4TE,53.526992433958000,-2.609386862048330
bearded lizard and Darwin's finches,507646,PR5 6FY,53.724981756344700,-2.661747000000000
leguaan and gopher snake,511268,PR25 5TH,53.695095059339200,-2.668031394385310
bushmaster and frilled lizard,54542,WN1 9GU,53.546965930396300,-2.635088890409610
Francolin and mud turtle,943017,L40 0RF,53.617748616352400,-2.847160068403970
Stilt and Parrotlet,506554,PR6 9HE,53.623242342899400,-2.574532225481090
Recurvebill and asp,507340,PR6 0NZ,53.650377000000000,-2.623435000000000
Old World warbler and Piping shrike,1780231,WN6 8FP,53.562436082447600,-2.694096008650360
Triller and Cloud rat,1564001,BL6 7JE,53.601696950000000,-2.551678183000000
Dorcopsis and thorn lizard,53574,WN2 4RQ,53.529796050157000,-2.550260134640510
Wader and Night heron,507834,PR5 5LL,53.721736418329600,-2.687078730472570
Pratincole and Egret,52684,WN4 0DP,53.508429650947800,-2.650585978455810
Black jay and cycling lizard,948454,L31 4JN,53.529796867286000,-2.948668535605580
Ice seal and cobra,54580,WN1 9SD,53.545096494276700,-2.629959998967720
American sparrow and Warbler,48798,WN8 6TZ,53.560944910886400,-2.768047223785630
Fox and loggerhead,49069,WN7 5LQ,53.509860377182400,-2.538240274644560
leguaan and leguaan,505742,PR7 3QW,53.636680046182700,-2.651696336858360
Parrotbill and Jerboa,51894,WN5 7AZ,53.527657054410900,-2.710422193342730
Egret and diamond python,48871,WN8 0JF,53.542355708909200,-2.756905734816590
Warbler and Egret,2633343,WN2 3FS,53.523881000000000,-2.595087000000000
swift and diamond snake,48785,WN8 6TH,53.560207483366600,-2.775069024557240
Myna and Philippine hawk-owl,506498,PR6 9DZ,53.643460266614900,-2.611972824617100
Marsh harrier and American sparrow,506513,PR7 1QY,53.660768520138600,-2.629928871221090
Kākāriki and king cobra,505314,PR7 7EF,53.683281000000000,-2.657475679780360
milk snake and elapid,53600,WN2 4SY,53.528544644322100,-2.569870093834850
soft-shelled turtle and box turtle,948385,L31 9BE,53.515811856438200,-2.926714334023780
perentie and viper,948611,L31 6ED,53.514917000000000,-2.927421623981780
Flameback and lizard,506312,PR7 2LS,53.643427243709600,-2.647292692590510
carpet snake and Ibex,506893,PR6 7QZ,53.701606577755600,-2.634234755791510
Goose and Condor,948613,L31 6EF,53.514018505766100,-2.926147369545970
tuatara and Greenbul,50871,WN6 0RD,53.585850363279000,-2.668028846819020
cobra de capello and harlequin snake,1564404,BL6 5RW,53.597312490000000,-2.543416334000000
deaf adder and Hawaiian honeycreeper,50846,WN6 0PU,53.595814607997800,-2.679790000000000
diamond python and thorny devil,507099,PR6 7AA,53.660706450634200,-2.626341502144130
whip snake and king snake,1563636,BL6 7TE,53.601118070000000,-2.554405783000000
Goose and snapping turtle,53538,WN2 4PT,53.523479137962700,-2.551777095910690
perentie and bearded lizard,505040,PR7 6FP,53.672418827078200,-2.671017729392670
River dolphin and Black jay,54132,WN2 2EX,53.545432320391300,-2.597820070887060
Stint and goanna,50447,WN6 8DJ,53.572848156823400,-2.683212060250810
terrapin and Grouse,948665,L31 2LE,53.525834606296700,-2.943903652259810
Asiatic leopard and bandy-bandy,2616085,PR26 7UY,53.692575000000000,-2.738908000000000
Shearwater and Viscacha,53966,WN2 3HX,53.532230628137700,-2.584614132133050
White ibis and rock python,505889,PR7 4HJ,53.610679289459000,-2.604984073233100
tortoise and rock snake,2654039,L40 3AE,53.625348000000000,-2.766342000000000
water snake and Gila monster,943754,L39 4TH,53.559807778674500,-2.900139087769250
Peafowl and Stint,95523,WA11 8RA,53.500785000000000,-2.743984000000000
python and horned toad,50789,WN6 7QG,53.555521000000000,-2.660516000000000
Asiatic leopard and leguaan,506502,PR7 1PW,53.662867923595000,-2.632366408320720
Chickadee and Jay,2645773,PR7 7NG,53.685222000000000,-2.670143000000000
Mole and Elephant,942617,L40 7SH,53.597768333181300,-2.846986799752490
rattlesnake and Schneider python,50993,WN6 0UP,53.578012067679300,-2.653451506704480
bull snake and Partridge,948886,L31 0DQ,53.516637404265900,-2.941844125551050
Thrasher and Moluccan boobook,505579,PR7 5BX,53.622692504566900,-2.660068000000000
Old World quail and Philippine hawk-owl,49002,WN8 6BX,53.547225624326700,-2.764267133617690
Scimitar babbler and American sparrow,508428,PR4 6NF,53.674386323409500,-2.828995672149350
chameleon and Herring gull,1787399,L40 5ST,53.599444869977400,-2.839465220934350
Parakeet and habu,51769,WN5 0JT,53.549562644474500,-2.682565139800970
hognose snake and Hawk,53484,WN2 5RT,53.507451416305700,-2.589670869765690
agama and python,943701,L39 8RA,53.573700347362400,-2.904224791945380
blind snake and Black cockatoo,943903,L39 5BU,53.552199278522000,-2.891087070347850
king snake and Ice seal,48847,WN8 0EW,53.546271909632900,-2.726942696301830
mud turtle and Songlark,944001,L39 5HX,53.553757958237400,-2.909701484968140
Goose and kabaragoya,51260,WN5 9HL,53.534055328834000,-2.671829804714090
habu and Coati,2633339,WN1 9RH,53.546982000000000,-2.635088000000000
cobra de capello and blue tongue,512115,PR25 2ET,53.690948316586100,-2.695421002267290
amphisbaena and Logrunners,50941,WN5 9RP,53.544160148803300,-2.665093230182740
crocodile and Ice seal,944074,L39 3LL,53.558000685447600,-2.906139227523570
glass snake and Wallaby,505707,PR7 5LB,53.644341321112000,-2.684927161139900
Tahr and cerastes,511616,PR25 4XQ,53.700703090285800,-2.682494793238660
massasauga and Chickadee,53199,WN3 4LS,53.536223502722400,-2.619900164530310
Night heron and Prion,1787357,L39 4AU,53.559298802722600,-2.869616000000000
Skunk and krait,53276,WN3 4PW,53.531293546526900,-2.608483099967820
Jay and mud turtle,511821,PR25 3ES,53.691088821185300,-2.685080225186090
Chipmunk and habu,48483,WN8 7PB,53.590909178099900,-2.772775550865680
Ice seal and galliwasp,511225,PR25 5PD,53.705164370781600,-2.668902000000000
mountain devil and Tahr,506783,PR6 8RF,53.690336668638900,-2.561983332359750
boa and Mole,1563560,BL6 7PJ,53.597780320000000,-2.549224623000000
Parrotlet and Asiatic leopard,506292,PR7 1BQ,53.653073575596700,-2.631931000000000
glass snake and Rat,511185,PR26 8NH,53.681473790072200,-2.746317612903540
Partridge and Thrasher,51053,WN5 9XR,53.542481353279500,-2.679116169867730
Warbler and anole,48776,WN8 6SX,53.561340816479800,-2.781853351112730
copperhead and grass snake,942645,L40 0SY,53.607141997258000,-2.843365752203670
water snake and deaf adder,943900,L39 5BR,53.547121782016300,-2.893349884795340
Bunting and Philippine hawk-owl,53397,WN2 5PR,53.515984886294200,-2.588990099586310
Tit-tyrant and Macaw,511384,PR26 6PD,53.703475349136400,-2.721697452370200
Eagle and Wader,54708,WN1 3JW,53.546048096483200,-2.616391571808980
carpet snake and Elephant,48151,WN8 9SU,53.541851000000000,-2.790654000000000
blue tongue and Night heron,1804308,PR25 3DF,53.700179199300000,-2.700981003400000
Greenbul and bearded dragon,505857,PR7 2QE,53.648993186925700,-2.645229721635100
Asiatic leopard and slowworm,508823,PR4 6HL,53.673665775105300,-2.829208584066620
agama and hawksbill,511736,PR25 2XD,53.698184605052800,-2.709096154114870
Fulmarine petrel and gopher snake,511838,PR25 1AY,53.683094008268400,-2.710477737146600
Condor and iguana,1804723,PR9 8RY,53.674936548100000,-2.919624000000000
Night heron and Herring gull,943527,L39 6RA,53.541827426450800,-2.902806000000000
Black cockatoo and mamba,53195,WN3 4LN,53.535723612532600,-2.620964112342860
rat snake and gaboon viper,1563628,BL6 7SE,53.624319000000000,-2.567592000000000
turtle and gaboon viper,95813,WA11 8AH,53.502222318207100,-2.787398358956860
Vole and mud turtle,55152,WN1 1UF,53.547316081309900,-2.630068433250030
Fox and Capuchin,50652,WN6 7HB,53.555379618572700,-2.641736000746540
New World blackbird and caiman,52017,WN5 7DR,53.520809430021100,-2.719161214884900
Peafowl and Linsang,51862,WN5 0UJ,53.546290030123800,-2.656932000000000
diamondback turtle and Thicketbird,53399,WN2 5PT,53.514421956336300,-2.588772370317770
Petrel and Moluccan boobook,507829,PR5 5LE,53.722818259515200,-2.683368238319470
Old World warbler and green turtle,52793,WN3 6BD,53.525750658503600,-2.679166000000000
Warbler and sidewinder,1779726,WN1 2XA,53.600551741153300,-2.633324148905160
coral snake and Magpie,507354,PR6 0PU,53.651806611123800,-2.617963968604290
asp and sidewinder,1563873,BL6 7DP,53.602230750000000,-2.545035995000000
Black jay and soft-shelled turtle,948628,L31 2HH,53.520695272455100,-2.947032230873510
Peafowl and Egret,54276,WN2 1JH,53.557054782512000,-2.595946061819150
Quetzal and Recurvebill,50884,WN6 0RW,53.586417007935200,-2.667962255318250
Ice seal and Triller,2593900,PR6 9FX,53.618987000000000,-2.604330000000000
rattlesnake and mud turtle,54764,WN1 3PH,53.551981481657700,-2.617941933427270
worm lizard and Stint,53432,WN2 4LA,53.534026993762500,-2.556651722169990
alligator and puff adder,55009,WN1 2UJ,53.586226644171100,-2.630163865328270
Puffleg and Ground sloth,50664,WN6 7HS,53.559296148847700,-2.643863511991670
New World blackbird and mountain devil,508585,PR4 6XQ,53.704622261365400,-2.864734890155160
terrapin and Cloud rat,2348479,PR7 1EF,53.658633000000000,-2.629443000000000
diamond python and deaf adder,53653,WN2 3SY,53.524895406732300,-2.601045355116310
Zebra and New World blackbird,48920,WN8 7AW,53.603363002670300,-2.762227872523860
chameleon and Perching duck,54186,WN2 2NH,53.545466595027700,-2.596356677728520
water snake and Philippine hawk-owl,1780240,WN6 9BD,53.599238074602500,-2.742963207070890
Eagle and Badger,1780239,WN6 8GJ,53.565227838309400,-2.688509944828600
Chicken and tortoise,1564623,BL6 5BW,53.588107130000000,-2.570701669000000
amethystine python and Linsang,511257,PR25 5SS,53.697448533840100,-2.669901325509790
boomslang and Asiatic leopard,506614,PR6 9NT,53.618114840152900,-2.595596692767180
Rat and Triller,52542,WN3 6PH,53.533337100685500,-2.657123447692760
giant tortoise and Eagle,54157,WN2 2JS,53.548538851057200,-2.600308870025810
loggerhead and lizard,506062,PR7 1UX,53.661075858025500,-2.641449524653710
Prion and Vulture,54056,WN2 2BD,53.542288596368000,-2.608067398590390
boomslang and Grouse,50858,WN6 0QJ,53.594809897138200,-2.673186464502370
box turtle and diamond python,54060,WN2 2BJ,53.542016965067400,-2.608455851779060
bull snake and Siskin,52079,WN5 0AF,53.537796378797000,-2.685755705609930
Capuchin and Thrasher,506965,PR6 7UU,53.696330317625600,-2.644363443280140
adder and Triller,508775,PR4 4TD,53.699008328786900,-2.796808395585580
Komodo dragon and Quetzal,2657115,PR25 9FQ,53.700221000000000,-2.706657000000000
green turtle and Francolin,505198,PR7 6PJ,53.662827702471000,-2.664675720608620
diamondback and Condor,948852,L31 0AR,53.517662691497500,-2.940630148548670
snake and Hawk,942483,L40 5TH,53.592493785529500,-2.823568872397390
turtle and Mockingbird,944269,L39 1PZ,53.577738712509700,-2.882229967994590
hognose snake and bushmaster,942239,L40 7TT,53.590010972222600,-2.850820029342550
Asiatic leopard and amphisbaena,1563600,BL6 7RU,53.610328310000000,-2.549175909000000
kabaragoya and Bronzewing pigeon,508851,PR4 4ZB,53.724891681060600,-2.745631537371960
tortoise and Badger,942546,L40 6HJ,53.558198092132800,-2.859933595637290
Old World warbler and Thicketbird,51859,WN5 0UE,53.543878000000000,-2.657875000000000
Kestrel and gaboon viper,53579,WN2 4RX,53.523895753991100,-2.554980279518370
Hawk and Tattler,944266,L39 1PW,53.577163580447300,-2.878547942224430
frilled lizard and perentie,51344,WN5 8BY,53.534527186266500,-2.683726374633430
Tattler and Komodo dragon,53036,WN2 5YP,53.504697636156200,-2.583013824998780
Chickadee and cobra,52889,WN3 6HJ,53.520337022675500,-2.668943035461020
Snipe and Treepie,48944,WN8 0QQ,53.563490577377600,-2.724535454269120
diamond snake and Chipmunk,506730,PR6 8NG,53.712940376457600,-2.610087282448740
ringhals and lizard,50754,WN6 0LP,53.591027714365700,-2.664801927301680
skink and Bunting,48891,WN8 0NE,53.539819546325600,-2.722259961653660
goanna and snapping turtle,505262,PR7 7AE,53.683479680785700,-2.658747823354030
slowworm and Maya,1563784,BL6 6SX,53.586200050000000,-2.542050124000000
crocodile and cobra de capello,54996,WN1 2TL,53.585663988070000,-2.639641970288230
Gull and B,50583,WN6 8NE,53.560467797965500,-2.653226285617790
death adder and ringhals,54511,WN2 1XX,53.568448363108400,-2.580266732111520
Tahr and loggerhead,52329,WN4 0NB,53.500689969280200,-2.662135986476600
Gull and Scimitar babbler,508668,PR4 5YF,53.724743768528100,-2.791111447073360
Herring gull and Eagle,51348,WN5 8DD,53.533638669619200,-2.672396526852290
Jay and gopher snake,1779756,WN1 9PT,53.546971188244900,-2.635089300043810
puff adder and Jerboa,53043,WN3 4AA,53.542381032818100,-2.637147000000000
Meadowlark and Magpie,50532,WN6 7AN,53.552798854626300,-2.645274251474010
Scimitar babbler and Towhee,2540003,WN1 3BQ,53.544854000000000,-2.614109000000000
perentie and chameleon,942272,L40 8HL,53.597337875049400,-2.902175992340040
Linsang and Bunting,1804307,PR25 3DB,53.706293060400000,-2.688266525300000
Capuchin and diamondback turtle,53344,WN2 5JJ,53.513200830739300,-2.602930674569860
Cuscus and Tit-tyrant,53786,WN2 4DN,53.537020909740600,-2.564159805514730
perentie and Polecat,95447,WA11 8JJ,53.508186921126500,-2.786619315554680
leguaan and tree snake,944210,L39 4QZ,53.563438609306400,-2.877236740046680
Warbler and death adder,2630416,PR6 6PN,53.653216000000000,-2.625214000000000
king snake and gavial,943872,L39 5AE,53.551862610957700,-2.898838354328780
garter snake and Vole,1564420,BL6 5SR,53.580361700000000,-2.568423000000000
Chickadee and Masked owl,52580,WN3 6SB,53.525468951041500,-2.655855000000000
anole and Bronzewing pigeon,54432,WN1 3UT,53.556077789587300,-2.616673257967390
loggerhead and American sparrow,508588,PR4 6XT,53.709360319888000,-2.838015949605190
Badger and sand viper,52733,WN3 5UG,53.531696217597800,-2.644832582128910
goanna and iguana,51804,WN5 0QB,53.549380580922700,-2.663816744932940
habu and Civet,52651,WN3 6XP,53.517446582734600,-2.655263717914490
bull snake and boa constrictor,48471,WN8 7NF,53.586148753873500,-2.780543882937120
Boto and gaboon viper,2583860,WN6 0GN,53.588808000000000,-2.648572000000000
Grouse and whip snake,52596,WN3 6SX,53.522136860999200,-2.660479518578180
Egret and amethystine python,505158,PR7 6JX,53.672021213440600,-2.677777543886960
rock python and sea snake,51618,WN5 8TA,53.533077252200600,-2.713424776068290
rat snake and leathery turtle,505814,PR7 4EE,53.622059071414500,-2.610196550323480
Nukupuʻu and glass snake,2633359,WN6 9BE,53.582945000000000,-2.717919000000000
Darwin's finches and moloch,505891,PR7 4HN,53.608716674366600,-2.605605913604100
Crow and rock snake,53102,WN3 5QL,53.521365617005100,-2.643680152467340
elapid and black snake,507406,PR6 0SS,53.653254084796600,-2.619332000000000
loggerhead and Black cockatoo,507008,PR6 8BQ,53.705586626365700,-2.574002603542290
Chickadee and Rabbit,95715,WA11 7SX,53.514062794087800,-2.803241354032200
perentie and Chicken,52885,WN3 6HE,53.524841620561500,-2.671910207977980
constrictor and blue tongue,48245,WN8 8LQ,53.549615490160600,-2.806842733387980
Perching duck and anaconda,54988,WN1 2SZ,53.578232000000000,-2.642928000000000
Francolin and Puffleg,50739,WN6 0JS,53.585591708628900,-2.661196918913680
Cloud rat and Goose,53827,WN2 2RZ,53.537909940655300,-2.579366052393400
Ground sloth and gecko,53861,WN2 3AU,53.536994650055800,-2.582748459977540
adder and worm lizard,506151,PR7 2DQ,53.650014423225100,-2.637484216763810
leathery turtle and blue racer,51756,WN5 0JA,53.547846287833200,-2.688755594442550
gavial and grass snake,1779761,WN1 9QB,53.546971188244900,-2.635089300043810
Wallaby and Black jay,52087,WN5 0AX,53.537555960434600,-2.685359511083310
Zebra and Francolin,511843,PR25 1BE,53.685047495194500,-2.708451390902310
Tattler and Herring gull,54957,WN1 2RF,53.571731202772900,-2.638087620453720
loggerhead and monitor,512003,PR25 1XX,53.697246963387800,-2.717122837300990
B and Snipe,511710,PR25 4ZL,53.693652291965500,-2.680033297308320
chameleon and Warbler,942359,L40 9RJ,53.622471752537900,-2.919645667246980
Towhee and Triller,53015,WN3 5LP,53.525756239531400,-2.651198508779530
boomslang and Tree warbler,508554,PR4 5QJ,53.710150017699400,-2.787883184306220
Stint and rock python,509218,PR4 4JS,53.723122094316200,-2.732339442004600
jew lizard and Myna,511444,PR25 3NQ,53.699544549916100,-2.690170542569920
B and Eagle,52602,WN3 6TF,53.520752886437000,-2.662056757987730
boa constrictor and Grackle,506951,PR6 7UA,53.703236084828600,-2.643847910301580
Mouse and Maya,508752,PR4 4RJ,53.698333333073000,-2.809003590545520
Darwin's finches and Mouse,51785,WN5 0LP,53.553228343518300,-2.671863000000000
Goose and slowworm,942660,L40 1SE,53.642675000000000,-2.820039000000000
Francolin and Grackle,508524,PR4 6XA,53.670624513709800,-2.857726451286220
mud turtle and Egret,942497,L40 5UD,53.580855771198600,-2.842615702137470
Grosbeak and taipan,54970,WN1 2RX,53.562583586291300,-2.632514739428730
fer-de-lance and Piping shrike,944013,L39 5QQ,53.551863572837600,-2.905857128170110
Zebra and moloch,48392,WN8 9AY,53.541409046893100,-2.758775118337440
habu and Towhee,1564232,BL6 5JP,53.594945880000000,-2.587700975000000
Capuchin and Songlark,51156,WN5 8UY,53.532342776421000,-2.705416347809880
monitor and sea snake,507157,PR6 7EA,53.689689000000000,-2.642642000000000
Recurvebill and green turtle,52965,WN3 5EQ,53.533360291162100,-2.642941793725270
Petrel and racer,54247,WN2 1EQ,53.558431287210900,-2.602864343660420
Viscacha and Tahr,51192,WN6 0EP,53.583499505377300,-2.657554132632330
Parakeet and Marmoset,51839,WN5 0RA,53.548742105630000,-2.673511378307240
Parrotlet and Minke whale,48025,WN8 9JB,53.535212000000000,-2.755285000000000
Viscacha and tortoise,1779789,WN2 5AZ,53.519650353345600,-2.599448092937550
Vulture and box turtle,508491,PR4 6TU,53.680239006774100,-2.831411896676830
sand lizard and hoop snake,53854,WN2 3AH,53.536180804047300,-2.576339886338230
Siskin and anole,1804586,PR7 7BY,53.680476284500000,-2.659942735100000
Polecat and Herring gull,1564167,BL6 5GH,53.590782000000000,-2.564151000000000
Booted eagles and Quetzal,52709,WN4 0JH,53.510790526271900,-2.667450580160360
pit viper and Grosbeak,52905,WN3 6JE,53.518923281260400,-2.667789596829760
cayman and Francolin,51133,WN5 8TU,53.531165561536800,-2.714448690265230
Moluccan boobook and box turtle,54173,WN2 2LR,53.543068745362100,-2.594134815059790
racer and Shearwater,508485,PR4 6TN,53.706706000000000,-2.846214716385580
Greenbul and Dolphin,942460,L40 5SB,53.599512752658900,-2.840523973038250
Tattler and Partridge,1563833,BL6 7AE,53.600333920000000,-2.547066664000000
moloch and Fox,51354,WN5 8DL,53.531837000000000,-2.673213000000000
Ibex and Bronzewing pigeon,54348,WN2 1PY,53.562918011416000,-2.569562224411130
Recurvebill and Minke whale,54207,WN2 2PJ,53.542812919680400,-2.596772079790600
Tit-tyrant and snapping turtle,505458,PR7 4PQ,53.626221917802000,-2.652548201016330
Ibex and Mockingbird,508345,PR4 6JR,53.659319072059100,-2.878515767467290
B and soft-shelled turtle,2335057,PR6 7QY,53.701749000000000,-2.634631000000000
Pratincole and moloch,1564035,BL6 6DU,53.590931120000000,-2.539361104000000
Grackle and Macaw,48984,WN8 6AX,53.550288363309800,-2.756156820457860
Condor and Cloud rat,48227,WN8 8HY,53.551595743893600,-2.805099336150710
Armadillo and lizard,1563585,BL6 7QX,53.598088170000000,-2.558445854000000
Logrunners and king snake,51733,WN5 0EU,53.547665874958000,-2.673086791091480
Tahr and Snipe,51140,WN5 8UD,53.533030005298200,-2.718312231549470
Rat and constrictor,505389,PR7 5TN,53.644275620358500,-2.719112790871520
black snake and sand lizard,942478,L40 5TB,53.595340779831200,-2.835575874165780
dukite and swift,942758,L40 2RF,53.627463653713900,-2.750444579605280
diamondback terrapin and Ice seal,512001,PR25 1XT,53.695402005538100,-2.717515533112850
Flameback and gecko,505210,PR7 6QA,53.663923316141200,-2.671291329685510
diamondback terrapin and Eagle,51482,WN5 8PS,53.544892194053200,-2.702123863339750
Rabbit and black snake,48832,WN8 0DD,53.538160573561300,-2.743612873752860
puff adder and python,50949,WN5 9RY,53.544650776101900,-2.660905550160940
Vole and Magpie,948586,L31 6BX,53.516500000000000,-2.937739000000000
water snake and adder,511461,PR25 3RJ,53.713758581050300,-2.689554775494130
tokay and milk snake,505832,PR7 2NU,53.640541658524800,-2.642347842807390
Egret and mud turtle,507749,PR5 5JY,53.722296913900600,-2.695862518574010
Gila monster and caiman,51516,WN5 8RU,53.536538000000000,-2.705999000000000
Mamo and asp,506750,PR6 8PG,53.721981000000000,-2.592715000000000
swift and garter snake,944315,L39 2BD,53.565331749847100,-2.866616136178370
Marsh harrier and Cloud rat,48480,WN8 7NT,53.588964850428900,-2.771818528347210
tortoise and snapping turtle,54973,WN1 2SA,53.562721173700300,-2.627279000000000
River dolphin and B,54401,WN2 1SZ,53.571199919740800,-2.594680248048240
Siskin and garter snake,944219,L39 4RL,53.565549672630000,-2.887155145215120
Hawaiian honeycreeper and Tattler,1563546,BL6 7NQ,53.607084340000000,-2.547033036000000
box turtle and Myna,54783,WN1 3QQ,53.547617828452100,-2.622224921863200
River dolphin and crocodile,48779,WN8 6TA,53.564950717875100,-2.768527481059410
bushmaster and Parrotlet,505181,PR7 6NH,53.667698873538300,-2.674408674118800
sea snake and adder,944318,L39 2BH,53.568858898910600,-2.871067299584320
Grackle and Vole,943545,L39 6RZ,53.541300831155100,-2.894057254375310
mountain devil and Ice seal,55217,WN1 2DL,53.554092697742300,-2.632025000000000
bearded lizard and Ibex,506329,PR7 1BY,53.652876000000000,-2.630220000000000
Songlark and giant tortoise,53632,WN2 3RB,53.533346850667300,-2.576874699792460
Cuscus and diamond python,52826,WN3 4TG,53.527453874985300,-2.610555042339350
Asiatic leopard and giant tortoise,51898,WN5 7BE,53.525306226209200,-2.709719126400310
Buzzard and sand lizard,53005,WN3 5JU,53.526294837915400,-2.641356442283650
mountain devil and White ibis,48621,WN8 8EG,53.553153585353600,-2.807347800348470
Solitaire and Skunk,508743,PR4 4QN,53.698958342493200,-2.800260866185820
puff adder and harlequin snake,51122,WN6 0EE,53.583295407890100,-2.655436259269810
diamond snake and Triller,506186,PR7 2FT,53.642960887993400,-2.650416700561230
Night heron and soft-shelled turtle,1861861,BL5 3WD,53.588218000000000,-2.538918000000000
Petrel and Night heron,95345,WA11 8DB,53.504602693401200,-2.791830000000000
Solitaire and worm lizard,48668,WN8 6NQ,53.549875671877300,-2.774291525662160
worm lizard and green turtle,52867,WN3 6EQ,53.522997230783200,-2.669015128850770
hognose snake and Jackal,507840,PR5 5LT,53.722560787678100,-2.685955553998960
green turtle and wall lizard,1564045,BL6 6EJ,53.591046790000000,-2.537625192000000
Wader and puff adder,53052,WN3 4AR,53.542537871657400,-2.642884733649040
giant tortoise and Diving bird,511880,PR25 1HT,53.689443249925800,-2.712916693559390
gaboon viper and tiger snake,52636,WN3 5TJ,53.531287954690300,-2.647194959271800
Badger and galliwasp,506111,PR7 3JB,53.641685000000000,-2.632034000000000
leathery turtle and Quetzal,51332,WN5 8BG,53.534021517227200,-2.677819008857880
rat snake and Old World warbler,51535,WN5 7EQ,53.515235286533500,-2.711858137039340
mountain devil and cobra,52886,WN3 6HF,53.524541053854800,-2.667802565790040
python and Nukupuʻu,54923,WN1 3UG,53.553240234134500,-2.614382933659070
Viscacha and mamba,948396,L31 9BU,53.518422613237100,-2.935428528162300
pit viper and asp,51830,WN5 0QQ,53.548356998763900,-2.665234517540610
krait and Parrotbill,54037,WN2 1ZF,53.572122496397500,-2.588063861725530
ringhals and monitor,506527,PR6 9EF,53.635700965200300,-2.598370000000000
Recurvebill and Mink,2577297,WN3 4DW,53.543433000000000,-2.642083000000000
bearded lizard and diamondback,506077,PR7 1XS,53.663603541491400,-2.642759155433260
Jay and jew lizard,50270,WN6 9EB,53.590263000000000,-2.725492000000000
diamond snake and Boto,48980,WN8 6AS,53.549192551102600,-2.758869109177030
Logrunners and Old World vulture,506250,PR6 9RT,53.618815251798900,-2.601124502142810
Armadillo and sand lizard,511206,PR26 9AR,53.686591328243800,-2.814774711552940
American sparrow and tiger snake,54104,WN2 3PQ,53.534465365307800,-2.574189232513590
death adder and blue racer,2645785,PR9 8SH,53.676339000000000,-2.922997000000000
massasauga and boomslang,48407,WN8 9BU,53.537958390570200,-2.755786133854810
Parrotbill and ringhals,53450,WN2 4LZ,53.525419350194700,-2.557866231044670
Chicken and Tahr,505202,PR7 6PQ,53.661968427787400,-2.668869213275790
bicycle lizard and garter snake,55222,WN1 2DS,53.553948534570300,-2.633668937320140
goanna and Myna,505479,PR7 6BD,53.672212384916800,-2.680520381535270
box turtle and Wader,53332,WN2 5HS,53.514994281530100,-2.605550022227090
agamid and Partridge,2583663,WN3 4FJ,53.536811000000000,-2.621116000000000
Old World vulture and American sparrow,505747,PR7 3RE,53.635628183336900,-2.663189270587300
alligator and Magpie,51347,WN5 8DB,53.533360000000000,-2.674142000000000
Meadowlark and Asiatic leopard,503396,PR9 8NF,53.675670874067100,-2.945540433040780
Vulture and Flameback,1564194,BL6 5JB,53.590867180000000,-2.564892211000000
python and agama,948225,L31 7AD,53.506232070255100,-2.947071577251370
Peafowl and iguana,55110,WN1 1PX,53.548831893474600,-2.632385052380600
snapping turtle and terrapin,53416,WN2 5QQ,53.513626163310800,-2.595185494814310
ringhals and dugite,50615,WN6 8QD,53.559975734660800,-2.662474000000000
pit viper and turtle,942469,L40 5SP,53.596978365602900,-2.839189290996210
Grouse and harlequin snake,505717,PR7 5LR,53.631482000000000,-2.690753000000000
B and Armadillo,53547,WN2 4QF,53.527149159769400,-2.558929834518020
Argus and thorn lizard,505628,PR7 3JZ,53.639251074327400,-2.622242000000000
Grackle and Mink,948035,L31 9PW,53.514980958233300,-2.924901558419550
Francolin and Stilt,51172,WN5 9BL,53.537613685348300,-2.654322000000000
blue tongue and Bunting,50235,WN6 9AH,53.583399833931300,-2.719997000000000
cerastes and Thrasher,511455,PR25 3PU,53.684698569476000,-2.689700557121160
snake and Towhee,507852,PR5 5NP,53.721724183952800,-2.695428730394440
bushmaster and Partridge,51409,WN5 9PY,53.538917779198500,-2.665463708102820
tiger snake and tortoise,505179,PR7 6NF,53.657821011470700,-2.672298000000000
Quetzal and bearded dragon,50852,WN6 0QB,53.598180346780700,-2.673224958207420
ringhals and Puffleg,1564005,BL6 7JJ,53.602167860000000,-2.552863033000000
Pitohui and Coati,54886,WN1 2LW,53.554453208183600,-2.626597050648450
rock python and whip snake,505264,PR7 7AH,53.681827000000000,-2.658752000000000
moloch and cycling lizard,54925,WN1 1AN,53.547321000000000,-2.632785000000000
hoop snake and New World blackbird,503925,PR8 5LR,53.621309145147500,-2.938564362447440
terrapin and diamondback,55043,WN1 1DB,53.543797716330200,-2.630800890598090
Badger and diamond python,54336,WN2 1PF,53.569926000000000,-2.599706000000000
horned viper and Solitaire,1779757,WN1 9PU,53.546971188244900,-2.635089300043810
Mole and River dolphin,53892,WN2 4HA,53.528877502291800,-2.547880000000000
krait and Stilt,48615,WN8 8DZ,53.558672000000000,-2.795496000000000
Magpie and racer,48570,WN8 8AE,53.547506749056100,-2.792872303346610
amphisbaena and Skunk,503169,PR9 8BY,53.666059101429400,-2.915872641741910
agama and cycling lizard,948538,L31 5NX,53.504190998371200,-2.941462579621560
saltwater crocodile and Francolin,511305,PR26 9RD,53.661350816775000,-2.779844796508150
goanna and Petrel,48544,WN8 7SH,53.562912516540200,-2.763976257830530
Francolin and harlequin snake,53849,WN2 3AA,53.534613285057600,-2.578928751270860
bandy-bandy and leguaan,54390,WN2 1SL,53.572815553437900,-2.591516564728900
Macaw and Zebra,1804568,PR7 4AN,53.611041403200000,-2.610808811400000
bearded lizard and Cuscus,948357,L31 8ER,53.515870044593600,-2.949217000000000
Duck and cobra,48878,WN8 0LD,53.544819085019600,-2.723431682142740
saltwater crocodile and goanna,506808,PR6 8SN,53.698216904690000,-2.560588885030350
Elephant and king cobra,506364,PR7 1HD,53.660142968196300,-2.629238578844820
Crow and Perching duck,1804442,PR4 5JG,53.712493789000000,-2.794760000000000
Gull and crocodile,2663217,L40 3AA,53.625845000000000,-2.767410000000000
Jerboa and White ibis,52564,WN3 6RF,53.525334252519600,-2.657678325511590
coral snake and Elephant,942427,L40 4BN,53.605828871967900,-2.793556590697560
Gull and monitor,54823,WN1 3UB,53.553038355100500,-2.616930930925050
Eagle and loggerhead,944144,L39 0EZ,53.539586368368700,-2.827566185036710
grass snake and slowworm,2664085,PR26 6RU,53.704421000000000,-2.713787000000000
Puffleg and Capuchin,2622324,WN2 2AH,53.536441000000000,-2.596244000000000
blue tongue and worm lizard,50666,WN6 7HU,53.557691809402200,-2.643008868461570
fer-de-lance and Pheasant,50963,WN5 9SS,53.546181000000000,-2.663772426845340
rattlesnake and Dorcopsis,506246,PR6 9RP,53.618200134625500,-2.603685724850810
bicycle lizard and Grouse,505528,PR7 4QH,53.627289097257800,-2.659550451987830
Ground sloth and Mouse,507337,PR6 0NU,53.647730399108100,-2.615347710632770
Darwin's finches and Bronzewing pigeon,944099,L39 3NW,53.567362085202700,-2.897234320972790
Peafowl and Ground sloth,509012,PR4 5JL,53.713305086124700,-2.797366518658080
Goose and puff adder,508768,PR4 4SS,53.711349000000000,-2.766679000000000
boa constrictor and death adder,50440,WN6 8DA,53.576009480708600,-2.683670811912150
gavial and copperhead,48546,WN8 7TG,53.590828178937700,-2.744446917958540
Polecat and Pheasant,54265,WN2 1HQ,53.556532897742500,-2.599652204751860
caiman and Egret,53509,WN2 5XB,53.506586000000000,-2.592284482320290
bull snake and wall lizard,944234,L39 1NF,53.572970401719900,-2.886464831312810
blue racer and tuatara,505425,PR7 4LR,53.620047384730900,-2.645831181177420
Piping shrike and viper,51207,WN6 0GH,53.589562131339000,-2.669718994422040
Argus and Peafowl,943829,L39 4TZ,53.563432006455300,-2.885450017049740
Kite and mountain devil,50456,WN6 8DW,53.576935507122600,-2.714389756338680
Chickadee and thorny devil,53098,WN3 5QF,53.522687778669000,-2.648392000000000
giant tortoise and sand viper,48137,WN8 9QR,53.519332799684600,-2.757400110377820
Tahr and Tattler,948746,L31 3DS,53.506734657656300,-2.924209315060530
Recurvebill and Marsh harrier,507324,PR6 0NS,53.647671969494400,-2.619703722276230
Scimitar babbler and cerastes,2581693,L31 3AA,53.513238000000000,-2.944423000000000
bicycle lizard and Treepie,506191,PR7 2FZ,53.645921000000000,-2.645062000000000
Meadowlark and rat snake,511799,PR25 3DH,53.685983016719600,-2.697610427797870
Darwin's finches and Tattler,1564620,BL6 5BS,53.588270540000000,-2.572244759000000
Bronzewing pigeon and rat snake,2633349,WN6 0UU,53.588233000000000,-2.653034000000000
B and alligator,53476,WN2 5RG,53.510763894405800,-2.592355725684110
Wader and Flameback,506743,PR6 8NY,53.708888000000000,-2.597454000000000
swift and Armadillo,948377,L31 9AU,53.521558330370400,-2.929841369592960
kabaragoya and Chipmunk,54127,WN2 2ER,53.546134000000000,-2.587039000000000
Siskin and moloch,51165,WN5 9AY,53.538285709073800,-2.652945005385510
Myna and Piping shrike,942631,L40 0RY,53.610448466527300,-2.866194734859580
sand lizard and American sparrow,2581317,PR7 3FW,53.639141000000000,-2.625281000000000
Eagle and Old World quail,505796,PR7 4DG,53.615325344240400,-2.610477317069860
elapid and Jerboa,505378,PR7 5SY,53.646861701846800,-2.724012828065300
Cuscus and leathery turtle,506894,PR6 7RA,53.704254068061100,-2.638379769993790
Meadowlark and taipan,53030,WN2 5YE,53.506153133057600,-2.586818266604520
Vulture and Jerboa,942816,L40 4AX,53.608957586475800,-2.835693608979470
Egret and bearded dragon,944051,L39 3AU,53.571930942608600,-2.892075840261060
iguana and Francolin,53104,WN3 5QP,53.519840000000000,-2.646824000000000
Jay and perentie,1564604,BL6 5AW,53.592882800000000,-2.581311701000000
cycling lizard and massasauga,50534,WN6 7AQ,53.552299881855600,-2.646127014169800
racer and carpet snake,53686,WN2 4XG,53.516446391655700,-2.546723978992530
smooth snake and sand lizard,505621,PR7 5FH,53.618519270433100,-2.670358837706140
sand lizard and Egret,507615,PR6 0BG,53.657089301579700,-2.620174784058130
frill-necked lizard and Guillemot,2664083,PR25 9FS,53.700221000000000,-2.706657000000000
chuckwalla and dukite,54659,WN1 3DJ,53.544560740962400,-2.610212744209480
viper and Stilt,53042,WN2 5YX,53.506343312247600,-2.583911000000000
perentie and saltwater crocodile,511989,PR25 1XA,53.699057890385200,-2.713397298207270
smooth snake and Stilt,505550,PR7 5AE,53.625152927639600,-2.662086000000000
Parrotbill and taipan,51252,WN5 9HA,53.534821042512200,-2.666712083517440
hognose snake and tokay,51723,WN5 7XZ,53.510697064031600,-2.682590000000000
fer-de-lance and leguaan,2642834,L40 7AX,53.597431000000000,-2.850076000000000
tuatara and Marsh harrier,95341,WA11 8BX,53.503251713065600,-2.788050662101180
habu and Kākāriki,507028,PR6 0TW,53.653836518374300,-2.614755802753160
Rat and Flameback,505318,PR7 7EP,53.680165000000000,-2.665055000000000
smooth snake and Dorcopsis,511138,PR26 7UP,53.695120555275000,-2.732822443699660
Warbler and hoop snake,1564011,BL6 7JU,53.603250990000000,-2.553829244000000
carpet snake and Condor,53448,WN2 4LX,53.526502891602500,-2.560656067087490
Eagle and brown snake,52836,WN3 4TX,53.526773924502700,-2.611691709920380
Meadowlark and Scimitar babbler,505037,PR7 6FH,53.668229822352200,-2.644933405863920
Prion and black snake,50890,WN6 0SD,53.589455173192600,-2.688556041456300
skink and Grosbeak,48868,WN8 0JB,53.542628712694000,-2.733293765965310
Quetzal and Eagle,511492,PR26 6TN,53.702718000000000,-2.744330000000000
Macaw and carpet snake,506010,PR7 3EA,53.646630813411700,-2.628038901891250
Tree warbler and Diving bird,51076,WN6 0AW,53.580779489398400,-2.658554088017330
Jerboa and sidewinder,51526,WN5 7EB,53.516466031375500,-2.714985522024790
Komodo dragon and Perching duck,53594,WN2 4SR,53.523795499139700,-2.549443224935750
tiger snake and River dolphin,52900,WN3 6HY,53.525605988900300,-2.667034928480440
Cloud rat and Fox,54147,WN2 2HY,53.546456900925900,-2.604988058751640
slowworm and Fox,508474,PR4 6SX,53.696607000000000,-2.836733000000000
constrictor and Perching duck,511029,PR26 7PB,53.701500257540700,-2.719815666878230
Night heron and glass snake,53617,WN2 4TU,53.522146409134600,-2.540507717309130
puff adder and leathery turtle,48493,WN8 9EG,53.539784931265100,-2.754068280117170
carpet snake and Grackle,1563891,BL6 7EL,53.603131100000000,-2.540740667000000
Chicken and smooth snake,505305,PR7 7DS,53.678452000000000,-2.661182000000000
soft-shelled turtle and Perching duck,507392,PR6 0RZ,53.653234584589600,-2.621403000000000
Stint and Warbler,48681,WN8 6PJ,53.566771088156100,-2.774766287178230
puff adder and Jay,52107,WN5 0DH,53.541887254162200,-2.685565309658430
saltwater crocodile and glass snake,2583587,WN2 3QZ,53.531419000000000,-2.566710000000000
diamondback and Dorcopsis,54751,WN1 3NS,53.551393647209000,-2.622099209496550
Jay and Towhee,511542,PR25 4GD,53.706103662908100,-2.677992068233000
loggerhead and Marmoset,511467,PR25 3SP,53.698899809363000,-2.689751037256320
viper and boa,505964,PR7 2WH,53.644070666669300,-2.652944820968530
Cloud rat and blindworm,507208,PR6 7JN,53.701032310134000,-2.642481311323450
elapid and Mamo,53339,WN2 5JD,53.517697876810700,-2.598801848799790
gopher snake and Dolphin,2660219,WN8 0BX,53.533624000000000,-2.741587000000000
Perching duck and Rat,506964,PR6 7UT,53.704846399596400,-2.643584679586670
Linsang and horned viper,48339,WN8 8QQ,53.553353885832100,-2.793540140734370
Crow and gaboon viper,51474,WN5 8PG,53.544431211462100,-2.701029662923580
Minke whale and Polecat,511333,PR25 5UF,53.692148000000000,-2.676160714280170
boa and blind snake,505480,PR7 6BE,53.670761394636600,-2.679769000000000
tree snake and Pitohui,508703,PR4 6AL,53.693488000000000,-2.852012000000000
swift and Black cockatoo,53081,WN3 5PJ,53.520093394808700,-2.639558412944590
terrapin and Prion,505051,PR7 6HB,53.670159458882400,-2.702919012053730
tokay and Elephant,511789,PR25 3BP,53.683791341294600,-2.688035358520750
Jackal and hoop snake,506673,PR6 8JA,53.697935689860900,-2.587378381634840
python and deaf adder,55049,WN1 1DW,53.543082303855500,-2.626428000000000
cerastes and habu,50779,WN6 7PU,53.558418387681900,-2.649933931245000
Maya and dugite,53283,WN3 4QH,53.535088359115900,-2.616926361821950
Grackle and crocodile,1779775,WN2 3DS,53.532421121848700,-2.572321291087970
python and Hawk,942702,L40 1UJ,53.641973000000000,-2.871031000000000
snapping turtle and Fox,51218,WN6 0HQ,53.586241000000000,-2.662533290595170
crocodile and sand lizard,52982,WN3 5HN,53.529058805436800,-2.645531702647020
blue tongue and Badger,53255,WN2 5EE,53.520171527870800,-2.605578631724910
Black cockatoo and perentie,53939,WN2 3EL,53.531678623209500,-2.577983511596320
bushmaster and Shearwater,944192,L39 4GA,53.563822000000000,-2.892369206938080
sidewinder and Tattler,54730,WN1 3LL,53.547778242306300,-2.619027697462520
Egret and elapid,507526,PR5 6BS,53.723576973254300,-2.671589736223210
worm lizard and cobra,944246,L39 1NW,53.573657968966200,-2.889499584988090
monitor and Mole,1804529,PR6 9FN,53.653225511200000,-2.611009000000000
rock snake and diamondback,508749,PR4 4RF,53.697853838564000,-2.809463924020300
Parrotlet and puff adder,50382,WN6 9RB,53.591538415429600,-2.695131687332800
tree snake and green turtle,511459,PR25 3QX,53.700286493269800,-2.689319311150480
Asiatic leopard and Jackal,53050,WN3 4AP,53.542996948887400,-2.643585000000000
Francolin and slowworm,942574,L40 6JW,53.555486684741700,-2.834110890107100
Maya and racer,54609,WN2 1AE,53.554073551992000,-2.609625121862600
turtle and tree snake,50125,WN6 8QR,53.560967179199600,-2.647346124746710
Dolphin and water snake,54374,WN2 1RR,53.571123733904500,-2.588276508082750
agama and Grosbeak,943533,L39 6RH,53.542656055260700,-2.903894848778090
Pheasant and Boto,54662,WN1 3DQ,53.544726832429400,-2.609370023761730
Minke whale and frilled lizard,53801,WN2 4EF,53.537593443545200,-2.557075740479440
Mouse and Badger,507027,PR6 0TU,53.654299079096500,-2.619180602288740
Hawk and dugite,50777,WN6 7PS,53.557594238047800,-2.646102040536870
ringhals and tree snake,51803,WN5 0QA,53.549856000000000,-2.664281040151550
wall lizard and Crow,507272,PR6 0HU,53.661301915361800,-2.621038000000000
kabaragoya and Grackle,1563548,BL6 7NS,53.598923370000000,-2.548891914000000
Mole and Thicketbird,51539,WN5 7EX,53.515198092622000,-2.716577820737030
Hawk and taipan,2630407,PR4 6EY,53.697489000000000,-2.846411000000000
sea snake and boa,2657109,PR25 3XH,53.704065000000000,-2.696345000000000
Argus and Hawaiian honeycreeper,2648681,WN1 9RW,53.546982000000000,-2.635088000000000
